	20.0	21.0	22.0	23.0	24.0	25.0	26.0	27.0	28.0	29.0	30.0	31.0	32.0	33.0	34.0	35.0	36.0	37.0	38.0	39.0	40.0
HFD14_1	1.0	10.0	184.0	1503.0	4769.0	9914.0	17190.0	26668.0	38607.0	53636.0	70984.0	90596.0	112020.0	135680.0	163723.0	198663.0	245977.0	321847.0	469440.0	958273.0	8162850.0
	20.0	21.0	22.0	23.0	24.0	25.0	26.0	27.0	28.0	29.0	30.0	31.0	32.0	33.0	34.0	35.0	36.0	37.0	38.0	39.0	40.0
HFD14_2	6.0	336.0	5258.0	23560.0	42042.0	54705.0	65837.0	76456.0	88539.0	101325.0	116142.0	134333.0	154003.0	180112.0	211763.0	257183.0	323330.0	437858.0	682489.0	1548685.0	6578573.0
	20.0	21.0	22.0	23.0	24.0	25.0	26.0	27.0	28.0	29.0	30.0	31.0	32.0	33.0	34.0	35.0	36.0	37.0	38.0	39.0	40.0
HFD16_1	1.0	21.0	426.0	3615.0	11812.0	23112.0	35962.0	52037.0	71419.0	94291.0	120232.0	149552.0	183822.0	224206.0	274666.0	346228.0	460261.0	677392.0	1203917.0	2873989.0	4335440.0
	19.0	20.0	21.0	22.0	23.0	24.0	25.0	26.0	27.0	28.0	29.0	30.0	31.0	32.0	33.0	34.0	35.0	36.0	37.0	38.0	39.0	40.0
HFD16_2	1.0	17.0	316.0	4645.0	19881.0	36395.0	47972.0	58737.0	70023.0	81337.0	95044.0	110314.0	128067.0	148558.0	174846.0	206468.0	250309.0	314819.0	419764.0	643031.0	1449142.0	6882715.0
	21.0	22.0	23.0	24.0	25.0	26.0	27.0	28.0	29.0	30.0	31.0	32.0	33.0	34.0	35.0	36.0	37.0	38.0	39.0	40.0
HFD24_1	6.0	160.0	1394.0	4519.0	9717.0	16913.0	26538.0	38783.0	52867.0	70344.0	90491.0	111335.0	134822.0	162226.0	196310.0	243272.0	315650.0	458693.0	916109.0	8224350.0
	20.0	21.0	22.0	23.0	24.0	25.0	26.0	27.0	28.0	29.0	30.0	31.0	32.0	33.0	34.0	35.0	36.0	37.0	38.0	39.0	40.0
HFD24_2	8.0	293.0	5115.0	22872.0	41763.0	54773.0	66045.0	76442.0	87323.0	100079.0	115008.0	132045.0	151482.0	176491.0	208385.0	251371.0	314195.0	422420.0	648123.0	1417937.0	6782329.0
	21.0	22.0	23.0	24.0	25.0	26.0	27.0	28.0	29.0	30.0	31.0	32.0	33.0	34.0	35.0	36.0	37.0	38.0	39.0	40.0
HFD25_1	5.0	195.0	1464.0	4803.0	9934.0	17366.0	26525.0	38776.0	53276.0	70323.0	89869.0	111626.0	134699.0	162180.0	196480.0	242535.0	315367.0	460647.0	929591.0	8225355.0
	20.0	21.0	22.0	23.0	24.0	25.0	26.0	27.0	28.0	29.0	30.0	31.0	32.0	33.0	34.0	35.0	36.0	37.0	38.0	39.0	40.0
HFD25_2	4.0	260.0	4527.0	20425.0	38046.0	49689.0	60300.0	71180.0	82132.0	94948.0	110040.0	126566.0	146701.0	171999.0	203524.0	247019.0	314027.0	425536.0	657611.0	1484576.0	6781906.0
	20.0	21.0	22.0	23.0	24.0	25.0	26.0	27.0	28.0	29.0	30.0	31.0	32.0	33.0	34.0	35.0	36.0	37.0	38.0	39.0	40.0
HFD35_1	2.0	38.0	442.0	2286.0	5587.0	9511.0	14590.0	20722.0	28917.0	39029.0	51718.0	66518.0	83694.0	105133.0	131608.0	163293.0	208412.0	277879.0	400556.0	738989.0	8780912.0
	19.0	20.0	21.0	22.0	23.0	24.0	25.0	26.0	27.0	28.0	29.0	30.0	31.0	32.0	33.0	34.0	35.0	36.0	37.0	38.0	39.0	40.0
HFD35_2	1.0	13.0	336.0	4694.0	18833.0	32259.0	41626.0	50807.0	60689.0	70362.0	81741.0	95595.0	110659.0	130254.0	153300.0	182710.0	223080.0	281277.0	375689.0	568739.0	1257309.0	7389863.0
	20.0	21.0	22.0	23.0	24.0	25.0	26.0	27.0	28.0	29.0	30.0	31.0	32.0	33.0	34.0	35.0	36.0	37.0	38.0	39.0	40.0
Lingon14_1	5.0	31.0	317.0	1934.0	4812.0	8629.0	13493.0	19621.0	27941.0	38020.0	50685.0	64907.0	82799.0	103540.0	130560.0	162443.0	207646.0	276191.0	397001.0	733963.0	8667212.0
	20.0	21.0	22.0	23.0	24.0	25.0	26.0	27.0	28.0	29.0	30.0	31.0	32.0	33.0	34.0	35.0	36.0	37.0	38.0	39.0	40.0
Lingon14_2	14.0	498.0	6968.0	25841.0	44976.0	56143.0	60113.0	65161.0	71629.0	81072.0	93100.0	108427.0	126917.0	149633.0	179073.0	216931.0	273662.0	365556.0	556910.0	1249894.0	7259232.0
	20.0	21.0	22.0	23.0	24.0	25.0	26.0	27.0	28.0	29.0	30.0	31.0	32.0	33.0	34.0	35.0	36.0	37.0	38.0	39.0	40.0
Lingon24_1	6.0	41.0	513.0	2971.0	6500.0	10366.0	14860.0	20931.0	29067.0	39222.0	51435.0	65968.0	84026.0	103991.0	129927.0	162486.0	206803.0	274746.0	394888.0	733058.0	8722136.0
	19.0	20.0	21.0	22.0	23.0	24.0	25.0	26.0	27.0	28.0	29.0	30.0	31.0	32.0	33.0	34.0	35.0	36.0	37.0	38.0	39.0	40.0
Lingon24_2	4.0	10.0	340.0	4528.0	17742.0	30617.0	39081.0	47238.0	56001.0	64633.0	76029.0	88238.0	103554.0	121252.0	144354.0	171905.0	210807.0	267678.0	361644.0	548089.0	1197103.0	7503094.0
	21.0	22.0	23.0	24.0	25.0	26.0	27.0	28.0	29.0	30.0	31.0	32.0	33.0	34.0	35.0	36.0	37.0	38.0	39.0	40.0
Lingon34_1	8.0	218.0	1559.0	5004.0	10375.0	17700.0	27733.0	40228.0	55364.0	72896.0	92171.0	112794.0	137256.0	164794.0	199898.0	248066.0	322857.0	472451.0	963817.0	8086923.0
	20.0	21.0	22.0	23.0	24.0	25.0	26.0	27.0	28.0	29.0	30.0	31.0	32.0	33.0	34.0	35.0	36.0	37.0	38.0	39.0	40.0
Lingon34_2	16.0	346.0	5556.0	24032.0	42599.0	55400.0	65614.0	76997.0	88292.0	100671.0	116557.0	133535.0	154969.0	181112.0	213769.0	259093.0	328794.0	448273.0	704721.0	1658042.0	6373724.0
	19.0	20.0	21.0	22.0	23.0	24.0	25.0	26.0	27.0	28.0	29.0	30.0	31.0	32.0	33.0	34.0	35.0	36.0	37.0	38.0	39.0	40.0
Lingon35_1	1.0	1.0	62.0	1582.0	8444.0	16391.0	21064.0	25786.0	31994.0	39372.0	49436.0	62083.0	77386.0	95670.0	116774.0	144202.0	177376.0	222364.0	291234.0	415647.0	790454.0	8201444.0
	20.0	21.0	22.0	23.0	24.0	25.0	26.0	27.0	28.0	29.0	30.0	31.0	32.0	33.0	34.0	35.0	36.0	37.0	38.0	39.0	40.0
Lingon35_2	61.0	2961.0	28546.0	82839.0	125457.0	130885.0	116246.0	105313.0	102948.0	107568.0	118105.0	132566.0	150586.0	173016.0	204099.0	244575.0	305524.0	408607.0	619825.0	1339572.0	6289468.0
	19.0	20.0	21.0	22.0	23.0	24.0	25.0	26.0	27.0	28.0	29.0	30.0	31.0	32.0	33.0	34.0	35.0	36.0	37.0	38.0	39.0	40.0
Lingon36_1	1.0	4.0	33.0	384.0	2238.0	5413.0	9662.0	14555.0	21088.0	29765.0	40013.0	52763.0	67862.0	85567.0	106363.0	133185.0	166118.0	211637.0	279948.0	403838.0	750392.0	8724425.0
	19.0	20.0	21.0	22.0	23.0	24.0	25.0	26.0	27.0	28.0	29.0	30.0	31.0	32.0	33.0	34.0	35.0	36.0	37.0	38.0	39.0	40.0
Lingon36_2	1.0	11.0	362.0	5089.0	19953.0	34981.0	45384.0	53195.0	60477.0	68538.0	79616.0	92535.0	107690.0	126904.0	150036.0	179187.0	218390.0	275684.0	370666.0	563364.0	1251079.0	7402112.0

